Processor Clock Rate ~= 3312.2 MHz
33554432 1 5681.664176
33554432 2 4774.799447
33554432 3 3914.700669
33554432 4 3228.827048
33554432 5 2676.273702
33554432 6 2368.743827
33554432 7 2116.046084
33554432 8 1873.748070
33554432 9 1708.280334
33554432 10 1570.636360
33554432 11 1440.459678
33554432 12 1370.989204
33554432 13 1292.720331
33554432 14 1203.499093
33554432 15 1171.123893
33554432 16 1043.278565
33554432 17 1109.924550
33554432 18 1297.742883
33554432 19 1308.771455
33554432 20 1361.013171
33554432 21 1348.331638
33554432 22 1334.739239
33554432 23 1373.396043
33554432 24 1643.793231
33554432 25 1607.995902
33554432 26 1666.624044
33554432 27 1772.127858
33554432 28 1805.511209
33554432 29 2037.403712
33554432 30 2148.295141
33554432 31 2245.625027
33554432 32 786.285154
33554432 33 2358.199402
33554432 34 2566.173786
33554432 35 2630.480492
33554432 36 2725.630051
33554432 37 2751.098734
33554432 38 2843.406443
33554432 39 2245.144000
33554432 40 2692.971806
33554432 41 2354.712108
33554432 42 2412.403705
33554432 43 2477.461581
33554432 44 2494.238888
33554432 45 2600.945987
33554432 46 2598.169903
33554432 47 2474.092050
33554432 48 1493.925419
33554432 49 2628.262939
33554432 50 2777.338910
33554432 51 2811.734582
33554432 52 2791.342901
33554432 53 2845.135537
33554432 54 2888.652627
33554432 55 2909.379874
33554432 56 2902.961562
33554432 57 3108.181121
33554432 58 2898.340211
33554432 59 2843.575190
33554432 60 2846.402354
33554432 61 2804.963519
33554432 62 2884.790092
33554432 63 2841.133015
33554432 64 799.927462
16777216 1 6449.276506
16777216 2 5378.008942
16777216 3 4427.431920
16777216 4 3773.631193
16777216 5 3374.459016
16777216 6 2996.448772
16777216 7 2731.365006
16777216 8 2404.778374
16777216 9 2244.249588
16777216 10 2045.203520
16777216 11 1886.614657
16777216 12 1846.186257
16777216 13 1750.191491
16777216 14 1983.832301
16777216 15 1913.262223
16777216 16 1384.273572
16777216 17 2322.565710
16777216 18 2747.715841
16777216 19 2848.934914
16777216 20 2960.254809
16777216 21 2802.826679
16777216 22 2923.154313
16777216 23 2908.500261
16777216 24 2928.267192
16777216 25 2875.148776
16777216 26 2859.170693
16777216 27 2837.508198
16777216 28 3324.886344
16777216 29 2623.607557
16777216 30 3311.043851
16777216 31 3196.089051
16777216 32 1152.288507
16777216 33 2317.774944
16777216 34 3261.481217
16777216 35 2601.626690
16777216 36 3243.771101
16777216 37 3212.049131
16777216 38 2598.124951
16777216 39 2585.447700
16777216 40 2587.190814
16777216 41 2599.723431
16777216 42 2586.160645
16777216 43 2583.183411
16777216 44 2619.590291
16777216 45 2662.234566
16777216 46 2653.103734
16777216 47 2577.251576
16777216 48 2683.359177
16777216 49 2660.866626
16777216 50 2756.166137
16777216 51 2789.798503
16777216 52 2759.030482
16777216 53 2875.362927
16777216 54 2793.585449
16777216 55 2883.045836
16777216 56 2938.403997
16777216 57 2977.728160
16777216 58 2867.750822
16777216 59 2786.497214
16777216 60 2742.216760
16777216 61 2780.375999
16777216 62 2871.076407
16777216 63 2899.876877
16777216 64 1102.048411
8388608 1 7134.870937
8388608 2 7017.542118
8388608 3 6827.759551
8388608 4 6401.177116
8388608 5 5283.215247
8388608 6 4390.024848
8388608 7 3734.188689
8388608 8 3320.009120
8388608 9 3328.272176
8388608 10 3342.994120
8388608 11 3329.349396
8388608 12 3344.074045
8388608 13 3287.523819
8388608 14 3265.129677
8388608 15 2777.380554
8388608 16 2695.930204
8388608 17 2712.860897
8388608 18 3092.914049
8388608 19 2987.232280
8388608 20 3102.955452
8388608 21 2923.382096
8388608 22 3074.157626
8388608 23 2979.916668
8388608 24 2926.867970
8388608 25 2877.881142
8388608 26 2779.265764
8388608 27 2740.276952
8388608 28 2702.206945
8388608 29 2701.102725
8388608 30 2606.965416
8388608 31 2254.074634
8388608 32 2585.867985
8388608 33 3293.577109
8388608 34 2493.334187
8388608 35 2544.417482
8388608 36 2563.918298
8388608 37 2461.610019
8388608 38 3267.952988
8388608 39 2393.235883
8388608 40 2584.245421
8388608 41 2530.006522
8388608 42 2533.706427
8388608 43 2617.923917
8388608 44 2699.550766
8388608 45 2811.121523
8388608 46 2848.880505
8388608 47 2898.994107
8388608 48 2697.293424
8388608 49 3131.609563
8388608 50 3320.350338
8388608 51 3328.548533
8388608 52 3222.524174
8388608 53 3349.123719
8388608 54 3518.255146
8388608 55 3543.661258
8388608 56 3599.134281
8388608 57 3676.321823
8388608 58 3585.042645
8388608 59 3612.340520
8388608 60 3594.949693
8388608 61 3621.886450
8388608 62 3748.200335
8388608 63 3779.094422
8388608 64 2580.948555
4194304 1 7184.388313
4194304 2 7162.637375
4194304 3 7126.151331
4194304 4 6738.313875
4194304 5 5526.190508
4194304 6 4615.992351
4194304 7 3960.072114
4194304 8 3463.903555
4194304 9 3461.348299
4194304 10 3418.199931
4194304 11 3384.098983
4194304 12 3421.267487
4194304 13 3410.006019
4194304 14 3399.308798
4194304 15 2901.185101
4194304 16 3110.066213
4194304 17 2918.539751
4194304 18 3339.299410
4194304 19 3248.497258
4194304 20 3246.686001
4194304 21 3140.931736
4194304 22 3254.559838
4194304 23 3446.945438
4194304 24 3239.856090
4194304 25 3160.186487
4194304 26 3224.663499
4194304 27 3175.131477
4194304 28 3200.086808
4194304 29 3310.669047
4194304 30 3243.532583
4194304 31 2974.596307
4194304 32 3103.418682
4194304 33 3250.020422
4194304 34 3469.987181
4194304 35 4956.282772
4194304 36 5314.888289
4194304 37 4828.979280
4194304 38 4984.220877
4194304 39 5030.919563
4194304 40 5991.285516
4194304 41 5877.630682
4194304 42 5945.593170
4194304 43 6030.371052
4194304 44 6182.325416
4194304 45 6106.838472
4194304 46 6346.189554
4194304 47 6527.469725
4194304 48 3513.396916
4194304 49 6004.362924
4194304 50 6191.638719
4194304 51 6625.038860
4194304 52 5902.940154
4194304 53 5914.928976
4194304 54 5964.800667
4194304 55 5831.488368
4194304 56 5942.459863
4194304 57 6864.628077
4194304 58 6041.127626
4194304 59 6135.231740
4194304 60 6119.471665
4194304 61 6137.898827
4194304 62 6130.770933
4194304 63 6275.903902
4194304 64 3094.746454
2097152 1 7183.541296
2097152 2 7162.489659
2097152 3 7122.748301
2097152 4 6867.260373
2097152 5 5584.122435
2097152 6 4678.484569
2097152 7 4023.595126
2097152 8 3519.962319
2097152 9 3604.251388
2097152 10 3701.738344
2097152 11 3745.597065
2097152 12 3919.178631
2097152 13 3939.437914
2097152 14 4125.283603
2097152 15 3693.294570
2097152 16 3145.330034
2097152 17 3988.354748
2097152 18 4225.072581
2097152 19 4309.794554
2097152 20 4779.177636
2097152 21 4723.328372
2097152 22 5000.655057
2097152 23 5019.820959
2097152 24 5535.316994
2097152 25 5660.342988
2097152 26 6301.723487
2097152 27 6553.440309
2097152 28 5938.476790
2097152 29 5905.582822
2097152 30 5354.183931
2097152 31 5957.655306
2097152 32 3134.429566
2097152 33 6069.772555
2097152 34 6242.936047
2097152 35 6206.461680
2097152 36 6321.551326
2097152 37 6265.176292
2097152 38 6239.037355
2097152 39 6221.777908
2097152 40 6390.761200
2097152 41 6365.224931
2097152 42 6386.908922
2097152 43 6890.201897
2097152 44 7003.727747
2097152 45 6996.484871
2097152 46 6963.074530
2097152 47 6986.311905
2097152 48 5868.132040
2097152 49 6996.199994
2097152 50 6964.196809
2097152 51 6987.988343
2097152 52 6959.256886
2097152 53 6326.290078
2097152 54 6347.755940
2097152 55 6365.551592
2097152 56 6293.736793
2097152 57 6388.177690
2097152 58 6335.713574
2097152 59 6306.369497
2097152 60 6349.633001
2097152 61 6305.018990
2097152 62 6351.117235
2097152 63 6355.492262
2097152 64 3068.150567
1048576 1 7179.516978
1048576 2 7138.962739
1048576 3 6447.037610
1048576 4 6402.640404
1048576 5 6272.657399
1048576 6 6085.101223
1048576 7 5881.874276
1048576 8 5618.073771
1048576 9 5686.098770
1048576 10 5659.716426
1048576 11 5727.656900
1048576 12 5803.480737
1048576 13 5843.802290
1048576 14 5935.066976
1048576 15 5855.453187
1048576 16 4631.817948
1048576 17 6377.804670
1048576 18 6381.768524
1048576 19 6437.220610
1048576 20 6557.770518
1048576 21 6524.483968
1048576 22 6485.252790
1048576 23 6448.084134
1048576 24 6777.898646
1048576 25 6892.329726
1048576 26 6978.891153
1048576 27 6235.743959
1048576 28 6341.358115
1048576 29 6377.551282
1048576 30 6365.693879
1048576 31 6374.969160
1048576 32 4456.099448
1048576 33 6872.390383
1048576 34 6390.573048
1048576 35 6401.039179
1048576 36 6393.187196
1048576 37 6389.599396
1048576 38 6386.838450
1048576 39 6388.138530
1048576 40 6378.554339
1048576 41 6382.490460
1048576 42 6390.363973
1048576 43 6388.779200
1048576 44 6380.922531
1048576 45 6384.560600
1048576 46 6353.131700
1048576 47 6353.759331
1048576 48 6288.377199
1048576 49 6363.516436
1048576 50 6360.736529
1048576 51 6367.864821
1048576 52 6349.717841
1048576 53 6340.982449
1048576 54 6349.009199
1048576 55 6351.465680
1048576 56 6351.579914
1048576 57 6366.817013
1048576 58 6341.577304
1048576 59 6336.238201
1048576 60 6327.421779
1048576 61 6325.851711
1048576 62 6349.489677
1048576 63 6333.586842
1048576 64 4520.691359
524288 1 6547.041263
524288 2 6534.378407
524288 3 6504.980319
524288 4 6508.906303
524288 5 6486.065043
524288 6 6477.029459
524288 7 6460.595069
524288 8 6447.235247
524288 9 6439.273447
524288 10 6445.796708
524288 11 6436.598850
524288 12 6433.760275
524288 13 6422.539507
524288 14 6420.132750
524288 15 6420.771430
524288 16 6431.952006
524288 17 6420.296643
524288 18 6420.417595
524288 19 6401.152698
524288 20 6406.794691
524288 21 6412.167324
524288 22 6404.739671
524288 23 6392.939638
524288 24 6403.014872
524288 25 6397.056815
524288 26 6386.147663
524288 27 6391.916437
524288 28 6385.587550
524288 29 6391.670891
524288 30 6386.060728
524288 31 6387.137735
524288 32 6408.405654
524288 33 6379.757163
524288 34 6374.620544
524288 35 6372.052221
524288 36 6366.808515
524288 37 6372.888577
524288 38 6357.516570
524288 39 6366.217552
524288 40 6367.327784
524288 41 6347.804348
524288 42 6353.050846
524288 43 6355.337935
524288 44 6350.877015
524288 45 6344.397926
524288 46 6348.579295
524288 47 6350.483071
524288 48 6326.578864
524288 49 6339.314303
524288 50 6334.907948
524288 51 6338.230305
524288 52 6322.068559
524288 53 6310.449983
524288 54 6298.028123
524288 55 6329.486732
524288 56 6307.651168
524288 57 6333.725448
524288 58 6321.492072
524288 59 6288.851804
524288 60 6291.658091
524288 61 6297.494828
524288 62 6310.860515
524288 63 6281.624872
524288 64 6330.655515
262144 1 6552.327828
262144 2 6545.215182
262144 3 7145.456852
262144 4 7139.843310
262144 5 7128.479611
262144 6 7103.983117
262144 7 7081.352176
262144 8 7074.224883
262144 9 7053.165286
262144 10 7061.229803
262144 11 7056.321447
262144 12 7056.179837
262144 13 7036.065345
262144 14 7044.164730
262144 15 7045.186762
262144 16 7060.418823
262144 17 7054.345276
262144 18 7023.142300
262144 19 7039.098754
262144 20 7022.394181
262144 21 7022.020195
262144 22 7034.643453
262144 23 7016.478157
262144 24 7016.171052
262144 25 6967.890323
262144 26 7000.663758
262144 27 6921.595264
262144 28 6393.487246
262144 29 6361.790577
262144 30 6360.797191
262144 31 6368.258064
262144 32 6307.110539
262144 33 6213.618910
262144 34 6222.400073
262144 35 6198.086761
262144 36 6209.015082
262144 37 6203.944914
262144 38 6208.494151
262144 39 6183.612972
262144 40 6211.953159
262144 41 6358.744513
262144 42 6336.962408
262144 43 6325.472626
262144 44 6287.609563
262144 45 6329.827459
262144 46 6328.863234
262144 47 6347.731676
262144 48 6351.014387
262144 49 6327.402642
262144 50 6327.378501
262144 51 6366.674121
262144 52 6286.364105
262144 53 6349.584557
262144 54 6354.628347
262144 55 6339.654582
262144 56 6307.651168
262144 57 6368.147869
262144 58 6299.510584
262144 59 6365.014369
262144 60 6363.594375
262144 61 6342.396752
262144 62 6342.300491
262144 63 6362.827779
262144 64 6315.919352
131072 1 6544.623159
131072 2 6530.250190
131072 3 6498.479257
131072 4 6512.225978
131072 5 6472.706252
131072 6 6462.492680
131072 7 6439.961192
131072 8 6428.142511
131072 9 6407.404532
131072 10 6412.472796
131072 11 6412.796518
131072 12 6409.528339
131072 13 6387.369190
131072 14 6396.124823
131072 15 6377.617281
131072 16 6396.320023
131072 17 6390.573048
131072 18 6369.734437
131072 19 6357.055781
131072 20 6379.942486
131072 21 6317.595164
131072 22 6348.300775
131072 23 6328.863234
131072 24 6368.904568
131072 25 6364.489225
131072 26 6338.869804
131072 27 6379.845127
131072 28 6323.085877
131072 29 6331.487796
131072 30 6386.060728
131072 31 6359.581963
131072 32 6333.611003
131072 33 6372.371683
131072 34 6422.718788
131072 35 6398.718024
131072 36 6440.305134
131072 37 6453.058213
131072 38 6432.223670
131072 39 6381.219766
131072 40 6412.899580
131072 41 6431.138235
131072 42 6410.626308
131072 43 6389.528045
131072 44 6497.762402
131072 45 6490.579387
131072 46 6498.853362
131072 47 6503.023598
131072 48 6367.738315
131072 49 6521.876009
131072 50 6478.480077
131072 51 6333.514360
131072 52 6390.991925
131072 53 6379.255512
131072 54 6420.610910
131072 55 6396.166900
131072 56 6342.428156
131072 57 6366.763188
131072 58 6362.383075
131072 59 6510.000471
131072 60 6528.655890
131072 61 6527.076217
131072 62 6495.268777
131072 63 6355.430264
131072 64 6166.633986
65536 1 6382.402714
65536 2 7176.194006
65536 3 7135.509669
65536 4 7117.835660
65536 5 7077.346076
65536 6 7057.233310
65536 7 7040.965745
65536 8 7022.046982
65536 9 7002.269041
65536 10 7024.130853
65536 11 6962.074385
65536 12 7005.301694
65536 13 6945.334053
65536 14 6940.110372
65536 15 6990.731212
65536 16 7000.306898
65536 17 7000.200082
65536 18 7033.985537
65536 19 7051.622986
65536 20 7045.861097
65536 21 7049.065218
65536 22 7147.538642
65536 23 7010.650135
65536 24 7009.448378
65536 25 7034.978366
65536 26 6990.481954
65536 27 7002.269041
65536 28 6982.384871
65536 29 7005.770127
65536 30 6968.931336
65536 31 6932.574002
65536 32 6838.001396
65536 33 7146.338585
65536 34 6937.528692
65536 35 7110.502025
65536 36 7091.912477
65536 37 7153.451117
65536 38 7067.027897
65536 39 7079.419384
65536 40 7119.833392
65536 41 6945.966887
65536 42 6889.286406
65536 43 7129.558129
65536 44 7085.921929
65536 45 7133.876456
65536 46 6855.394568
65536 47 7103.302700
65536 48 7086.354552
65536 49 7051.518806
65536 50 7066.654028
65536 51 7093.536083
65536 52 7097.479127
65536 53 6845.862810
65536 54 7048.502371
65536 55 7120.539529
65536 56 7123.572800
65536 57 6795.836264
65536 58 6725.584837
65536 59 6808.322570
65536 60 6722.816660
65536 61 6788.657516
65536 62 6706.800519
65536 63 6701.640473
65536 64 6598.538312
32768 1 7179.991939
32768 2 7164.824277
32768 3 7121.137391
32768 4 7121.572057
32768 5 7102.278906
32768 6 7093.211362
32768 7 7047.366623
32768 8 7065.934775
32768 9 7058.695088
32768 10 7064.209694
32768 11 6946.199525
32768 12 7142.328916
32768 13 7013.979373
32768 14 6944.845167
32768 15 6968.931336
32768 16 7110.374617
32768 17 7139.291271
32768 18 7075.264795
32768 19 6929.804054
32768 20 6884.915031
32768 21 6889.286406
32768 22 6887.991149
32768 23 7081.849043
32768 24 6870.963836
32768 25 7043.710346
32768 26 7097.479127
32768 27 7048.502371
32768 28 7071.575919
32768 29 6798.954854
32768 30 6722.816660
32768 31 6706.800519
32768 32 6838.001396
32768 33 6624.313852
32768 34 7056.652920
32768 35 7013.979373
32768 36 7009.448378
32768 37 6946.111089
32768 38 6733.677524
32768 39 6990.481954
32768 40 6920.042149
32768 41 7001.093608
32768 42 6982.384871
32768 43 6933.691147
32768 44 6160.611882
32768 45 6588.115416
32768 46 6936.046269
32768 47 6633.831544
32768 48 7015.189514
32768 49 6871.182691
32768 50 7043.710346
32768 51 7041.075320
32768 52 7049.523187
32768 53 7009.975960
32768 54 6559.369599
32768 55 6795.632314
32768 56 5943.594484
32768 57 6888.326361
32768 58 6970.360098
32768 59 6910.703361
32768 60 6955.529545
32768 61 6737.228293
32768 62 6939.757369
32768 63 6944.845167
32768 64 7007.538620
16384 1 7176.194006
16384 2 7144.073075
16384 3 7115.534608
16384 4 7088.085041
16384 5 7036.722496
16384 6 7142.328916
16384 7 6932.421473
16384 8 7007.538620
16384 9 6928.880006
16384 10 7119.833392
16384 11 7147.538642
16384 12 6891.911896
16384 13 7146.091998
16384 14 7071.575919
16384 15 6697.917339
16384 16 6838.001396
16384 17 6590.097355
16384 18 7042.202810
16384 19 6797.807786
16384 20 6681.420006
16384 21 7058.695088
16384 22 6519.166013
16384 23 6977.087962
16384 24 6491.066160
16384 25 7136.390745
16384 26 7002.210951
16384 27 5903.432639
16384 28 6870.963836
16384 29 6918.727801
16384 30 7009.448378
16384 31 6995.275428
16384 32 7007.538620
16384 33 6788.553038
16384 34 6127.490313
16384 35 6982.384871
16384 36 7042.202810
16384 37 6535.595363
16384 38 6372.944800
16384 39 6323.208677
16384 40 5789.197362
16384 41 6353.608719
16384 42 6332.064711
16384 43 6125.882470
16384 44 6286.338655
16384 45 6214.562480
16384 46 6205.936135
16384 47 6066.476896
16384 48 6205.744570
16384 49 6285.570530
16384 50 6524.550089
16384 51 6110.358467
16384 52 5861.401302
16384 53 6092.002917
16384 54 6433.227876
16384 55 6148.191294
16384 56 5970.060632
16384 57 5401.074078
16384 58 5765.606501
16384 59 5957.580964
16384 60 5871.550914
16384 61 5997.689569
16384 62 5605.188644
16384 63 6064.512681
16384 64 5435.334443
8192 1 6351.402045
8192 2 6310.044079
8192 3 6235.992006
8192 4 6223.208610
8192 5 6323.208677
8192 6 6314.377380
8192 7 6270.588355
8192 8 6100.087576
8192 9 6305.570717
8192 10 6165.128460
8192 11 5811.898002
8192 12 5762.477101
8192 13 6323.208677
8192 14 5732.579295
8192 15 5513.529517
8192 16 6100.087576
8192 17 5493.612005
8192 18 6176.358202
8192 19 6316.547058
8192 20 5941.544661
8192 21 6151.148577
8192 22 6039.815571
8192 23 6015.958498
8192 24 6007.688892
8192 25 6296.949505
8192 26 5796.274621
8192 27 6119.411882
8192 28 6121.201408
8192 29 5559.691983
8192 30 6109.586762
8192 31 5908.171814
8192 32 5971.212486
8192 33 5626.129573
8192 34 5844.982811
8192 35 5871.550914
8192 36 5873.903298
8192 37 5083.240838
8192 38 6246.611746
8192 39 5434.007457
8192 40 5824.827697
8192 41 5991.992984
8192 42 5871.550914
8192 43 5333.134033
8192 44 4667.130214
8192 45 5796.274621
8192 46 5082.447697
8192 47 5880.768420
8192 48 5414.102668
8192 49 6012.284855
8192 50 5623.766447
8192 51 5888.278980
8192 52 4814.894791
8192 53 4397.173850
8192 54 5815.531347
8192 55 4538.881713
8192 56 4649.758762
8192 57 5776.078542
8192 58 5189.045851
8192 59 4968.235389
8192 60 5005.037133
8192 61 5547.862851
8192 62 5605.188644
8192 63 5250.980492
8192 64 5435.334443
4096 1 6315.919352
4096 2 6246.130188
4096 3 6349.851410
4096 4 6078.223463
4096 5 5922.830835
4096 6 6205.744570
4096 7 5698.858240
4096 8 6144.291109
4096 9 6176.358202
4096 10 5462.387834
4096 11 6099.615725
4096 12 6138.290825
4096 13 5996.146159
4096 14 6280.193652
4096 15 5871.550914
4096 16 5888.278980
4096 17 6210.294236
4096 18 5967.139859
4096 19 5934.281159
4096 20 5824.827697
4096 21 5766.701791
4096 22 5220.857527
4096 23 5895.639328
4096 24 5865.277890
4096 25 5508.995703
4096 26 5532.006781
4096 27 5683.360180
4096 28 5037.238658
4096 29 5559.691983
4096 30 5362.539785
4096 31 5752.693608
4096 32 3532.967388
4096 33 4107.074588
4096 34 4055.702358
4096 35 5382.255005
4096 36 4678.421658
4096 37 5204.818027
4096 38 5211.776339
4096 39 4576.006279
4096 40 5449.032362
4096 41 4822.110819
4096 42 5181.922933
4096 43 3745.891762
4096 44 3667.030882
4096 45 3864.183080
4096 46 3427.697284
4096 47 3894.022332
4096 48 3351.587366
4096 49 3714.986822
4096 50 3726.176542
4096 51 3785.322201
4096 52 4613.361433
4096 53 4722.890432
4096 54 3653.114257
4096 55 4376.778795
4096 56 4477.545474
4096 57 4522.368111
4096 58 4458.672785
4096 59 5194.064270
4096 60 4896.231978
4096 61 4824.228566
4096 62 4554.215773
4096 63 4305.804004
4096 64 3312.156926
2048 1 6327.702784
2048 2 5992.312177
2048 3 6240.030452
2048 4 6100.087576
2048 5 5941.544661
2048 6 6072.287698
2048 7 6199.678349
2048 8 5971.212486
2048 9 6063.384050
2048 10 6032.857258
2048 11 5404.045511
2048 12 5311.949787
2048 13 5306.210586
2048 14 5373.054569
2048 15 5927.017657
2048 16 5729.136304
2048 17 4731.652751
2048 18 5057.753144
2048 19 5211.776339
2048 20 5278.750101
2048 21 4867.866997
2048 22 3500.347660
2048 23 4605.968225
2048 24 2427.011541
2048 25 4790.798411
2048 26 4784.226671
2048 27 4282.961542
2048 28 4835.749112
2048 29 5269.340564
2048 30 5118.787977
2048 31 4968.235389
2048 32 3419.000698
2048 33 3208.652022
2048 34 3011.051751
2048 35 3001.642214
2048 36 2991.625611
2048 37 4793.911340
2048 38 3816.180806
2048 39 4100.765718
2048 40 3672.173983
2048 41 3688.538395
2048 42 3974.588311
2048 43 3243.153657
2048 44 3174.150387
2048 45 3922.291097
2048 46 4554.215773
2048 47 3747.967048
2048 48 3477.764772
2048 49 3573.642999
2048 50 3680.174362
2048 51 3680.174362
2048 52 3799.238827
2048 53 3312.156926
2048 54 3063.745157
2048 55 3224.994902
2048 56 3506.989686
2048 57 2898.137310
2048 58 3409.573306
2048 59 3128.148208
2048 60 3128.148208
2048 61 2732.529464
2048 62 3036.143849
2048 63 3117.324166
2048 64 3117.324166
